Test Case 1 (20 Points)
prices = [35, 69, 11, 76, 70, 26, 82, 14, 80, 7, 48, 41]
Answer: 409

Test Case 2 (20 Points)
prices = [39, 85, 66, 32, 66, 60, 46, 89, 72, 38, 66, 29]
Answer: 511

Test Case 3 (20 Points)
prices = [1737, 145, 291, 251, 1196, 1688, 1301, 157, 1206, 508, 133, 38, 64, 1869, 1482, 1635, 1410, 1973, 6, 787, 1080, 1349, 823, 1843, 563, 1461, 758, 1668, 732, 1117, 673, 112, 1968, 1014, 631, 939, 1685, 723, 1733, 564, 396, 360, 937, 84, 318, 1881, 272, 1448, 1828, 1801, 1399, 959, 1565, 236, 1522, 1143, 675, 1491, 1317, 1735, 85, 269, 1536, 763, 1077, 1003, 675, 1186, 112, 1060, 677, 520, 967, 1820, 194, 451, 1451, 1275, 1210, 790, 611, 769, 1852, 339, 802, 446, 300, 831, 781, 1481, 1305, 1383, 29, 1684, 1528, 181, 1923, 609, 1902, 670, 926, 1863, 1743, 1508, 907, 1248, 1324, 383, 407, 1865, 515, 1355, 1372, 1778, 600, 105, 291, 1470, 1525, 473, 792, 659, 638, 49, 799, 449, 1357, 904, 1802, 1067, 1911, 1406, 344, 1934, 1714, 179, 1053, 243, 930, 601, 1315, 1554, 1019, 942, 533, 863, 611, 989, 1090, 192, 331, 46, 1008, 675, 1821, 567, 1851, 587, 1441, 1188, 1859, 115, 241, 734, 1916, 1689, 306, 60, 447, 1022, 159, 319, 1906, 1494, 1372, 1538, 1023, 403, 1364, 1491, 1449, 38, 1180, 1250, 623, 798, 94, 1243, 1595, 1140, 1336, 1901, 248, 1247, 1342, 1822, 1115, 502, 227, 480, 1723, 871, 1963, 1010, 672, 454, 1259, 790, 1253, 1938, 365, 1172, 1082, 495, 719, 1814, 409, 1571, 918, 767, 2000, 317, 1393, 1341, 1594, 1819, 1124, 1035, 1566, 1410, 1638, 1040, 1770, 61, 677, 374, 1541, 1879, 976, 1255, 553, 1873, 1485, 116, 1559, 1333, 537, 1678, 658, 26, 1207, 1552, 1220, 193, 206, 1343, 1701, 859, 1767, 715, 1630, 1544, 104, 1419, 1852, 501, 7, 21, 183, 360, 1990, 1784, 524, 265, 157, 1221, 1941, 921, 568, 1499, 1756, 1159, 1059, 1027, 671, 984, 1820, 1638, 1946, 1899, 1714, 1675, 1063, 121, 1160, 1040, 219, 628, 1714, 1857, 422, 1895, 159, 1951, 1508, 95, 1521, 69, 1883, 973, 57, 1057, 1012, 216, 1631, 1804, 720, 1608, 870, 1156, 158, 975, 1269, 1696, 1749, 1182, 1479, 814, 1430, 848, 727, 293, 145, 1132, 1004, 977, 1337, 1922, 870, 710, 258, 308, 1029, 775, 1728, 554, 935, 1588, 921, 1392, 1130, 1811, 1542, 1213, 1321, 233, 644, 1739, 1203, 829, 1659, 1505, 1212, 1888, 915, 609, 123, 202, 333, 1243, 304, 952, 621, 1695, 306, 1418, 1749, 1267, 116, 150, 351, 1740, 1995, 405, 1322, 1446, 1263, 1936, 1920, 944, 667, 836, 1165, 1895, 1915, 111, 1840, 1999, 1051, 831, 909, 1901, 640, 1010, 942, 1014, 1963, 485, 305, 1946, 493, 1427, 690, 1662, 1251, 1351, 236, 1178, 142, 529, 669, 212, 1202, 605, 394, 1450, 1267, 1231, 608, 1744, 1858, 1822, 770, 323, 1750, 19, 1288, 673, 536, 1828, 684, 471, 211, 1099, 1083, 541, 1739, 692, 1061, 75, 1593, 1442, 137, 1865, 1201, 1124, 1477, 198, 855, 1417, 1659, 168, 761, 858, 289, 1438, 313, 1650, 1613, 239, 936, 416, 503, 369, 901, 887, 534, 1960, 1183, 326, 29, 427, 1219, 1186, 748, 120, 1597, 619, 547, 1094, 119, 611, 1509, 1531, 727, 1810, 1966, 1590, 1780, 245, 1193, 1174, 158, 58, 1043, 1248, 1089, 224, 496, 1158, 1008, 322, 64, 1706, 435, 989, 1647, 1177, 829, 323, 1501, 879, 1960, 341, 219, 679, 1488, 1164, 716, 1289, 143, 1069, 1993, 139, 374, 1229, 1834, 1534, 1449, 1231, 1849, 466, 1221, 1372, 1068, 1301, 1141, 1554, 210, 1698, 50, 934, 1519, 586, 67, 764, 974, 478, 1535, 800, 879, 576, 1515, 1063, 263, 1399, 878, 1863, 478, 207, 1421, 219, 604, 1602, 649, 273, 1135, 232, 1331, 634, 939, 1141, 940, 1511, 1132, 279, 90, 1180, 1098, 29, 1129, 910, 9, 1822, 760, 1005, 1513, 1815, 1641, 1851, 593, 602, 1237, 17, 370, 1101, 192, 1606, 1170, 1863, 185, 670, 936, 1002, 1522, 1296, 1051, 1899, 868, 1648, 1072, 834, 1645, 1435, 1369, 967, 210, 1172, 1535, 1487, 1428, 1217, 974, 993, 1863, 237, 1056, 224, 566, 1205, 1960, 207, 384, 282, 1829, 134, 1340, 276, 1732, 1879, 134, 1732, 1934, 1430, 819, 233, 1378, 1307, 1063, 1840, 1594, 940, 1116, 1477, 1797, 1037, 1331, 1346, 335, 1050, 1730, 224, 1072, 1032, 1801, 905, 320, 1612, 103, 254, 591, 284, 1496, 133, 329, 833, 946, 1657, 1465, 1511, 1205, 1907, 359, 194, 159, 1920, 794, 1150, 1916, 1477, 1782, 624, 1365, 1303, 1493, 448, 113, 384, 1299, 432, 1273, 280, 934, 1197, 1531, 1337, 1585, 1303, 371, 674, 1737, 254, 51, 841, 1083, 1615, 1476, 735, 1869, 1285, 1055, 289, 1459, 1678, 1482, 360, 694, 128, 1113, 1188, 1146, 1080, 1230, 948, 491, 652, 495, 1529, 224, 699, 795, 611, 225, 853, 81, 182, 688, 1689, 894, 601, 1307, 767, 1927, 1161, 757, 1963, 1866, 824, 154, 773, 1440, 325, 11, 1988, 1269, 214, 428, 1870, 508, 951, 1492, 1024, 1692, 1875, 1884, 1747, 1506, 749, 216, 1384, 1428, 1151, 1896, 716, 259, 719, 1275, 1291, 236, 1965, 933, 783, 1568, 1198, 1603, 1532, 508, 1127, 1387, 210, 1653, 1289, 1048, 543, 1607, 144, 444, 163, 637, 1401, 78, 1612, 90, 1841, 671, 1910, 566, 667, 1637, 979, 1768, 1551, 16, 1099, 8, 1776, 960, 1686, 1902, 1341, 1411, 211, 720, 1032, 413, 1571, 1078, 1624, 1925, 1441, 112, 60, 1503, 1559, 1566, 302, 132, 1128, 1951, 1967, 1667, 1074, 1252, 1705, 696, 238, 1085, 1684, 759, 1993, 1582, 987, 1935, 179, 315, 1430, 912, 363, 1434, 1389, 1047, 1803, 768, 51, 1407, 1381, 947, 1803, 1221, 484, 621, 1485, 1886, 1681, 315, 563, 486, 1557, 654, 1283, 608, 1341, 1127, 1546, 1904, 1354, 424, 1585, 782, 1608, 1409, 596, 509, 1613, 1995, 1958, 1013, 1727, 1820, 1795, 1291, 965, 1747, 1581, 1644, 490, 1741, 78, 702, 275, 784, 893, 1408, 185, 1932, 350, 1670, 1716, 1719, 47, 1227, 1931, 767, 1481, 558, 1188, 8, 478, 1819, 718, 1272, 1650, 775, 865, 664, 1597, 1948, 1218, 495, 1351, 946, 1174, 1195, 671, 276, 475, 238, 500, 1182, 998, 466, 312, 1094, 1210, 363, 467, 1940, 1293, 281, 1183, 1580, 1931, 1555, 861, 1869, 1032, 1477, 413, 287, 1595, 1630, 1454, 747, 352, 1038, 402, 744, 1401, 74, 253]
Answer: 703111

Test Case 4 (20 Points)
prices = [219, 116, 1532, 603, 1494, 420, 1217, 719, 494, 168, 865, 1567, 1601, 1018, 442, 1640, 1634, 856, 148, 1134, 883, 206, 889, 1196, 1731, 1765, 806, 1355, 794, 1267, 1426, 816, 618, 148, 1810, 1538, 535, 1554, 144, 1326, 1282, 984, 918, 796, 1989, 43, 266, 1196, 1591, 1361, 1998, 1044, 1402, 1577, 1192, 797, 1548, 81, 1369, 1076, 218, 1998, 290, 1017, 1701, 443, 26, 968, 285, 354, 1728, 1622, 1038, 474, 814, 308, 993, 1751, 1495, 1414, 1077, 524, 1323, 100, 1368, 626, 1079, 1299, 729, 1349, 210, 344, 695, 170, 499, 539, 976, 78, 1062, 266, 1970, 1819, 1107, 803, 455, 785, 254, 6, 341, 937, 924, 1925, 1107, 886, 264, 990, 699, 1586, 1277, 355, 499, 1186, 1947, 1045, 1695, 1172, 636, 933, 1573, 1222, 1864, 1352, 561, 1120, 1310, 887, 952, 1089, 465, 444, 1917, 1408, 987, 437, 1257, 814, 1982, 1709, 1178, 1652, 14, 990, 247, 539, 1747, 973, 1590, 1243, 1261, 1628, 846, 239, 1253, 330, 1710, 1983, 1998, 1207, 380, 1348, 30, 1710, 1467, 1248, 961, 1598, 666, 1413, 1206, 1970, 1236, 483, 654, 732, 1355, 1581, 61, 1754, 1187, 365, 335, 12, 1348, 1339, 1605, 40, 1889, 1056, 1730, 1008, 297, 710, 1996, 1850, 642, 1325, 1385, 1606, 1163, 1536, 1930, 1709, 702, 519, 669, 1845, 551, 825, 1039, 1159, 843, 575, 87, 1353, 444, 120, 775, 800, 76, 1452, 1085, 1400, 436, 583, 1390, 1573, 749, 1576, 1446, 662, 120, 376, 570, 209, 1359, 437, 967, 1953, 853, 983, 274, 255, 1650, 362, 303, 213, 1130, 460, 1421, 350, 1927, 693, 295, 112, 1921, 1547, 1969, 1592, 1267, 516, 1682, 718, 341, 142, 1578, 1267, 159, 1567, 1226, 1946, 1253, 1441, 667, 1865, 1569, 867, 43, 455, 1709, 860, 1481, 1871, 86, 1211, 60, 1269, 1507, 1482, 1343, 1781, 1510, 924, 886, 1946, 404, 4, 374, 1416, 1960, 1225, 614, 224, 1025, 116, 53, 1600, 1206, 261, 1334, 388, 210, 1774, 1041, 209, 1140, 841, 744, 522, 1266, 930, 972, 1019, 1850, 751, 1459, 1719, 1106, 1802, 1666, 332, 1794, 1464, 70, 890, 1058, 1785, 1781, 33, 495, 1440, 425, 676, 822, 198, 410, 1742, 877, 9, 595, 512, 1264, 551, 1037, 560, 336, 118, 1801, 757, 1703, 1074, 1763, 1386, 65, 661, 1260, 839, 1863, 215, 1202, 1653, 225, 1008, 442, 766, 995, 1006, 1007, 1606, 1211, 1688, 274, 1240, 1852, 1008, 1963, 1174, 895, 1121, 223, 474, 464, 1964, 482, 1546, 1053, 480, 1611, 253, 105, 590, 225, 1597, 128, 480, 83, 1410, 38, 1882, 587, 1426, 905, 643, 73, 897, 657, 562, 175, 867, 483, 791, 181, 1895, 1426, 324, 1085, 1121, 1666, 992, 1102, 1750, 786, 90, 1270, 405, 1442, 1444, 1783, 1780, 1079, 1082, 535, 40, 1782, 1474, 1154, 606, 152, 1346, 1558, 1653, 1045, 821, 1048, 257, 397, 713, 1973, 998, 1055, 434, 1347, 1144, 761, 1250, 1158, 775, 369, 1889, 457, 1645, 1587, 745, 1872, 1901, 1087, 1077, 1984, 419, 867, 1576, 1499, 1676, 1826, 1393, 1914, 1757, 945, 1487, 1614, 954, 1467, 1765, 1328, 345, 1580, 1836, 1359, 1882, 1227, 1021, 1351, 889, 1325, 1751, 868, 676, 96, 594, 98, 1242, 1232, 3, 61, 89, 478, 1373, 815, 1248, 336, 1698, 204, 1303, 557, 1203, 82, 651, 963, 1856, 847, 122, 586, 1957, 1652, 1252, 353, 1811, 801, 804, 1002, 1526, 422, 717, 526, 685, 607, 963, 22, 155, 373, 882, 1462, 900, 1975, 83, 690, 229, 1229, 269, 1003, 10, 36, 782, 215, 1497, 1107, 159, 1366, 126, 1629, 911, 707, 540, 314, 616, 952, 717, 504, 1398, 1779, 1768, 55, 824, 1700, 1922, 1403, 1182, 261, 1229, 1177, 1078, 395, 161, 273, 236, 1174, 115, 1698, 438, 761, 1161, 827, 28, 598, 1583, 1236, 1445, 1403, 1899, 1720, 809, 1533, 1348, 1325, 588, 1865, 691, 1145, 1920, 620, 1044, 1112, 448, 1944, 118, 1711, 546, 211, 1640, 877, 1730, 1152, 697, 19, 351, 1858, 1170, 1148, 1582, 1499, 1161, 1003, 695, 944, 1200, 1291, 1246, 1306, 947, 319, 765, 1520, 665, 587, 1481, 105, 467, 1331, 1932, 1354, 1032, 1636, 941, 1072, 139, 1740, 408, 543, 1410, 1730, 234, 1607, 1860, 661, 1708, 1169, 401, 570, 1282, 624, 700, 1316, 419, 1219, 278, 1428, 904, 1091, 1757, 848, 1589, 712, 1964, 1824, 333, 1649, 478, 461, 440, 2002, 456, 1836, 1324, 1844, 1679, 536, 355, 1380, 943, 606, 326, 361, 28, 243, 200, 1079, 831, 308, 1089, 214, 1070, 1253, 1349, 509, 843, 713, 1611, 332, 1280, 137, 1099, 525, 168, 652, 408, 795, 324, 469, 685, 135, 84, 1474, 1530, 1873, 1108, 1587, 1012, 1610, 274, 560, 1429, 140, 1045, 755, 144, 1097, 1499, 336, 1721, 594, 1616, 567, 1339, 955, 1949, 514, 1361, 1785, 764, 631, 397, 1991, 389, 1234, 822, 332, 681, 363, 15, 714, 1023, 1804, 1183, 107, 1754, 656, 1959, 95, 401, 83, 1039, 951, 1476, 195, 1797, 237, 1187, 608, 526, 941, 1831, 1378, 1771, 1738, 1992, 1608, 308, 1793, 24, 1011, 1624, 288, 429, 72, 220, 648, 105, 1066, 147, 1813, 1996, 1947, 412, 1050, 1567, 1617, 1046, 1246, 862, 1917, 82, 668, 1390, 1617, 419, 514, 992, 1995, 1024, 1287, 868, 1177, 785, 1171, 1860, 1702, 1009, 785, 1191, 511, 213, 1921, 211, 1958, 644, 1690, 1811, 857, 1486, 462, 1442, 1710, 272, 345, 1270, 501, 1523, 1873, 1013, 1511, 1958, 1374, 663, 909, 188, 717, 1133, 1647, 742, 211, 550, 1320, 1510, 1068, 1670, 1260, 501, 594, 1204, 815, 43, 171, 947, 1853, 56, 778, 1941, 359, 75, 1477, 1962, 1437, 97, 901, 1779, 1698, 1019, 1099, 709, 1761, 1328, 376, 1131, 91, 634, 296, 255, 67, 1182, 361, 1933, 1491, 1992, 1972, 1988, 1404, 1783, 1294, 100, 237, 804, 1806, 504, 680, 492, 1777, 1502, 1395, 1196, 240, 604, 733, 459, 951, 731, 1513, 654, 1310, 1616, 291, 1415, 621, 1193, 203, 1338, 513, 722, 46, 1131, 1393, 1602, 878, 966, 1199, 961, 1408, 89, 243, 1451, 442, 273, 1010, 542, 343, 1431, 471, 689, 1800, 880, 1761, 76, 1218, 1403, 647, 1262, 958, 1317, 862, 1071, 159, 682]
Answer: 676823

Test Case 5 (20 Points)
prices = [339, 779, 1573, 1382, 1498, 1815, 484, 1185, 1761, 1267, 475, 588, 1741, 1514, 342, 727, 1155, 11, 84, 534, 197, 74, 487, 1859, 1826, 53, 181, 1116, 244, 998, 1192, 891, 470, 1980, 458, 491, 419, 1980, 1121, 1389, 1794, 134, 1474, 1924, 1616, 244, 1302, 365, 954, 1997, 554, 1724, 133, 1307, 71, 670, 15, 1191, 1362, 1114, 1705, 445, 598, 1257, 938, 271, 1625, 1515, 417, 1934, 626, 554, 653, 438, 284, 1702, 572, 1477, 1482, 1691, 561, 1207, 727, 758, 589, 1189, 1391, 1326, 1340, 1034, 312, 728, 1645, 829, 1030, 222, 1072, 1657, 246, 1266, 1189, 1543, 756, 1114, 1553, 1719, 1324, 772, 429, 1391, 899, 534, 837, 21, 436, 1126, 1043, 1253, 523, 1566, 972, 710, 899, 127, 550, 809, 1592, 482, 1522, 28, 1331, 334, 1976, 1891, 44, 688, 593, 1280, 596, 785, 862, 642, 1789, 856, 1890, 1963, 204, 576, 701, 417, 1058, 511, 478, 821, 944, 1417, 1420, 991, 995, 1143, 633, 829, 419, 104, 1433, 1045, 211, 668, 1511, 556, 360, 483, 151, 191, 589, 1173, 1300, 1784, 489, 1705, 818, 925, 373, 1197, 732, 358, 1456, 1616, 929, 1441, 346, 534, 518, 86, 151, 800, 722, 311, 58, 197, 763, 1510, 520, 367, 234, 1507, 1739, 85, 1615, 1669, 526, 1012, 1289, 1396, 1218, 1236, 266, 18, 357, 138, 1891, 348, 1987, 1399, 1122, 1029, 178, 549, 1463, 1087, 490, 387, 1779, 738, 1838, 1989, 1062, 1374, 1007, 1820, 1078, 1884, 1227, 873, 493, 191, 1427, 1723, 1506, 1206, 74, 1837, 60, 1993, 1380, 890, 85, 1159, 1766, 1148, 1330, 1713, 129, 1516, 527, 1588, 1193, 187, 974, 1402, 763, 1643, 841, 273, 888, 1465, 1358, 1225, 697, 438, 239, 1777, 1199, 700, 256, 474, 661, 1432, 65, 39, 348, 1315, 640, 1716, 127, 1710, 1108, 324, 1898, 1824, 1533, 1754, 1907, 61, 1290, 693, 307, 448, 1096, 723, 1227, 1019, 531, 218, 1590, 309, 1758, 1843, 1047, 1371, 800, 1185, 581, 1018, 791, 1324, 1178, 254, 736, 1408, 927, 1830, 1833, 554, 1396, 1931, 232, 1864, 1354, 1603, 1979, 974, 1187, 404, 1048, 1785, 1249, 1082, 534, 1116, 1925, 873, 1856, 915, 874, 766, 986, 1383, 211, 978, 1654, 1533, 55, 469, 1736, 908, 626, 242, 347, 1698, 1620, 514, 1527, 1246, 1112, 1646, 880, 471, 1789, 755, 1874, 1787, 217, 18, 823, 1504, 1026, 246, 1600, 1567, 1917, 853, 658, 1632, 1185, 1042, 1606, 34, 167, 1883, 204, 898, 855, 1524, 1251, 1926, 1729, 1932, 1034, 306, 761, 1861, 661, 622, 1642, 321, 1725, 1796, 682, 405, 276, 1226, 1954, 923, 1003, 1292, 1495, 1125, 422, 1471, 1642, 356, 1071, 1900, 810, 1595, 1610, 732, 245, 1658, 1570, 867, 1364, 1777, 1529, 757, 729, 389, 543, 776, 1815, 899, 909, 1708, 310, 1279, 1606, 696, 176, 1142, 1796, 369, 1674, 1800, 1458, 745, 1013, 1998, 1837, 102, 396, 183, 1370, 1131, 677, 1119, 709, 1524, 1375, 100, 1936, 1635, 1095, 1174, 825, 293, 731, 649, 431, 227, 1466, 1861, 199, 1080, 1742, 1419, 1114, 775, 1595, 1115, 444, 1023, 1254, 824, 1316, 1137, 579, 1001, 1123, 1824, 1801, 989, 1709, 1462, 372, 307, 367, 1361, 134, 1893, 406, 1935, 668, 884, 1507, 541, 1722, 1945, 1956, 1789, 9, 1290, 1169, 525, 1930, 1771, 1786, 1057, 221, 506, 1279, 666, 803, 47, 1929, 860, 1929, 1227, 1147, 1021, 1032, 589, 1052, 934, 496, 1358, 1285, 1623, 1379, 1676, 1733, 1124, 746, 707, 632, 619, 159, 1067, 88, 941, 636, 999, 520, 425, 1002, 1129, 306, 71, 1317, 1708, 68, 1488, 1514, 1242, 329, 2002, 1598, 659, 1303, 1297, 1310, 297, 904, 1253, 1860, 1308, 826, 1964, 698, 219, 778, 1290, 593, 997, 1328, 1471, 22, 846, 1175, 1878, 751, 1939, 1381, 1473, 1404, 710, 221, 468, 827, 1148, 695, 132, 1103, 1349, 899, 287, 1314, 192, 399, 1918, 1042, 252, 904, 471, 841, 1644, 511, 1641, 601, 1752, 395, 1487, 1493, 494, 889, 306, 187, 573, 1982, 905, 1888, 1189, 1761, 44, 1792, 1661, 1529, 543, 420, 452, 625, 1273, 45, 1800, 960, 29, 36, 1143, 1280, 777, 1788, 1013, 1524, 1488, 1192, 1054, 1050, 431, 810, 1526, 441, 1738, 1801, 1295, 806, 587, 1622, 1252, 969, 1623, 1781, 1064, 1824, 104, 323, 1513, 1982, 1974, 442, 776, 1016, 652, 202, 576, 309, 811, 1513, 711, 1747, 629, 2000, 25, 1504, 935, 205, 883, 142, 176, 1899, 1903, 314, 1128, 1154, 781, 302, 844, 1032, 412, 422, 1991, 1708, 1037, 1083, 1341, 1920, 1107, 1111, 1212, 520, 1834, 301, 527, 174, 1113, 475, 1833, 393, 328, 532, 415, 905, 337, 930, 993, 806, 1837, 229, 1864, 1623, 1909, 858, 36, 1467, 38, 937, 1822, 767, 1052, 1444, 1084, 870, 699, 447, 980, 626, 594, 1124, 1344, 137, 873, 1178, 1225, 1164, 316, 1267, 139, 1655, 196, 1204, 1399, 1818, 1334, 1243, 1694, 122, 1986, 863, 1487, 684, 882, 59, 342, 35, 1323, 1527, 594, 1948, 1882, 1133, 32, 190, 1140, 542, 1261, 733, 1564, 1032, 152, 64, 1046, 1319, 394, 1391, 511, 1867, 1344, 626, 1727, 564, 541, 1695, 669, 1864, 1803, 1193, 159, 724, 175, 1354, 761, 1906, 1378, 1039, 259, 845, 1282, 988, 1985, 1710, 276, 1176, 436, 737, 107, 1665, 38, 1727, 678, 481, 1146, 1987, 939, 1657, 1585, 1779, 581, 1601, 1678, 1016, 1852, 518, 1103, 1768, 81, 169, 364, 364, 249, 1748, 68, 1405, 354, 862, 1980, 3, 1970, 1286, 1198, 726, 1627, 1998, 1572, 1213, 1697, 328, 329, 1198, 1189, 1067, 1264, 1864, 1356, 844, 1122, 1997, 412, 501, 121, 1292, 1875, 574, 1461, 1161, 441, 776, 1978, 1800, 1290, 268, 471, 1886, 1443, 1308, 1066, 1339, 703, 316, 1264, 107, 213, 1873, 1839, 1022, 592, 512, 454, 771, 978, 1614, 1666, 572, 1270, 1447, 127, 50, 1537, 52, 142, 810, 1273, 430, 1025, 1546, 1813, 940, 160, 1029, 252, 1858, 397, 1892, 1309, 180, 975, 1651, 1418, 1995, 1334, 895, 1610, 1031, 639, 1815, 1987, 411, 410, 1856, 762, 4, 226, 195, 53, 1341, 1469, 450, 487, 903, 1964, 582, 490, 1436, 1130, 150, 1674, 544, 1067, 48, 1807, 373, 152]
Answer: 690074
